1 1 = 11.373503
1 2 = 6.513889
1 3 = 4.343941
1 4 = 3.259027
1 5 = 2.606472
1 6 = 2.172442
1 7 = 1.862464
1 8 = 1.629608
1 9 = 1.464182
1 10 = 1.310075
1 11 = 1.185387
1 12 = 1.086364
1 13 = 1.019222
1 14 = 0.969154
1 15 = 0.869340
1 16 = 0.889401
1 17 = 0.770209
1 18 = 0.929641
1 19 = 0.686714
1 20 = 0.652546
1 21 = 0.621629
1 22 = 0.593048
1 23 = 0.567630
1 24 = 0.544295
1 25 = 0.522246
1 26 = 0.508570
1 27 = 0.483695
1 28 = 0.466677
1 29 = 0.450377
1 30 = 0.439507
1 31 = 0.421547
1 32 = 0.408527
1 33 = 0.396714
1 34 = 0.390047
1 35 = 0.555618
1 36 = 0.363262
1 37 = 0.368854
1 38 = 0.350737
1 39 = 0.335472
1 40 = 0.327056
1 41 = 0.334410
1 42 = 0.343856
1 43 = 0.304700
1 44 = 0.297956
1 45 = 0.321194
1 46 = 0.286830
1 47 = 0.278905
1 48 = 0.273157
1 49 = 0.286680
1 50 = 0.262407
1 51 = 0.257115
1 52 = 0.252651
1 53 = 0.247556
1 54 = 0.250918
1 55 = 0.238971
1 56 = 0.328319
1 57 = 0.230738
1 58 = 0.229090
1 59 = 0.222931
1 60 = 0.219057
1 61 = 0.215472
1 62 = 0.240030
1 63 = 0.209266
1 64 = 0.206030
2 1 = 5.670805
2 2 = 3.257091
2 3 = 4.345502
2 4 = 3.259739
2 5 = 1.296455
2 6 = 1.086725
2 7 = 1.863257
2 8 = 0.815213
2 9 = 1.474752
2 10 = 0.701327
2 11 = 0.593019
2 12 = 1.087590
2 13 = 1.035801
2 14 = 0.600066
2 15 = 0.870344
2 16 = 0.408539
2 17 = 0.768532
2 18 = 0.754428
2 19 = 0.343703
2 20 = 0.935634
2 21 = 0.622870
2 22 = 0.651120
2 23 = 0.284194
2 24 = 0.272462
2 25 = 0.544991
2 26 = 0.275475
2 27 = 0.242354
2 28 = 0.467796
2 29 = 0.225740
2 30 = 0.235430
2 31 = 0.422873
2 32 = 0.501942
2 33 = 0.294325
2 34 = 0.227382
2 35 = 0.187213
2 36 = 0.365270
2 37 = 0.177271
2 38 = 0.241440
2 39 = 0.250227
2 40 = 0.328620
2 41 = 0.160269
2 42 = 0.218784
2 43 = 0.306182
2 44 = 0.299181
2 45 = 0.146169
2 46 = 0.186922
2 47 = 0.140122
2 48 = 0.274929
2 49 = 0.336547
2 50 = 0.267052
2 51 = 0.129469
2 52 = 0.127176
2 53 = 0.124990
2 54 = 0.174212
2 55 = 0.299489
2 56 = 0.237189
2 57 = 0.232482
2 58 = 0.294256
2 59 = 0.112340
2 60 = 0.110432
2 61 = 0.109017
2 62 = 0.239059
2 63 = 0.105432
2 64 = 0.103866
3 1 = 3.849975
3 2 = 2.175109
3 3 = 3.869821
3 4 = 3.870620
3 5 = 3.890966
3 6 = 3.897942
3 7 = 3.880623
3 8 = 3.893188
3 9 = 0.483791
3 10 = 0.572969
3 11 = 3.880764
3 12 = 0.362769
3 13 = 0.335244
3 14 = 0.457062
3 15 = 0.290528
3 16 = 0.272356
3 17 = 0.256490
3 18 = 0.258694
3 19 = 0.229961
3 20 = 0.218466
3 21 = 0.207824
3 22 = 0.239168
3 23 = 0.189582
3 24 = 0.183716
3 25 = 0.178527
3 26 = 0.188923
3 27 = 0.162091
3 28 = 0.156135
3 29 = 0.150932
3 30 = 0.179652
3 31 = 0.141654
3 32 = 0.136917
3 33 = 0.132726
3 34 = 0.169921
3 35 = 0.125342
3 36 = 0.121794
3 37 = 0.118604
3 38 = 0.159114
3 39 = 0.115313
3 40 = 0.109922
3 41 = 0.107407
3 42 = 0.146670
3 43 = 0.105184
3 44 = 3.869592
3 45 = 0.100586
3 46 = 0.129094
3 47 = 0.094248
3 48 = 0.092153
3 49 = 0.090120
3 50 = 3.898255
3 51 = 3.869594
3 52 = 0.085297
3 53 = 0.093713
3 54 = 0.123472
3 55 = 0.081826
3 56 = 0.079651
3 57 = 0.077985
3 58 = 0.115183
3 59 = 0.079118
3 60 = 0.074252
3 61 = 0.088286
3 62 = 0.100534
3 63 = 0.072983
3 64 = 0.070599